# This is the frequency for the channels in MHz
1.204585937500000000e+03
1.214408203125000000e+03
1.224230468750000000e+03
1.234052734375000000e+03
1.243875000000000000e+03
1.253697265625000000e+03
1.263519531250000000e+03
1.273341796875000000e+03
1.283164062500000000e+03
1.292986328125000000e+03
1.302808593750000000e+03
1.312630859375000000e+03
1.322453125000000000e+03
1.332275390625000000e+03
1.342097656250000000e+03
1.351919921875000000e+03
1.361742187500000000e+03
1.371564453125000000e+03
1.381386718750000000e+03
1.391208984375000000e+03
1.401031250000000000e+03
1.410853515625000000e+03
1.420675781250000000e+03
1.430498046875000000e+03
1.440320312500000000e+03
1.450142578125000000e+03
1.459964843750000000e+03
1.469787109375000000e+03
1.479609375000000000e+03
1.489431640625000000e+03
1.499253906250000000e+03
1.509076171875000000e+03
1.518898437500000000e+03
1.528720703125000000e+03
1.538542968750000000e+03
1.548365234375000000e+03
1.558187500000000000e+03
1.568009765625000000e+03
1.577832031250000000e+03
1.587654296875000000e+03
1.597476562500000000e+03
1.607298828125000000e+03
1.617121093750000000e+03
1.626943359375000000e+03
1.636765625000000000e+03
1.646587890625000000e+03
1.656410156250000000e+03
1.666232421875000000e+03
1.676054687500000000e+03
1.685876953125000000e+03
1.695699218750000000e+03
1.705521484375000000e+03
1.711164062500000000e+03
