# This is the elevation data for the scans in degrees from horizon
2.000027275085449219e+01
2.099991416931152344e+01
2.199998855590820312e+01
2.300003242492675781e+01
2.399989128112792969e+01
2.499994659423828125e+01
2.599998855590820312e+01
2.699984931945800781e+01
2.800004577636718750e+01
2.900000572204589844e+01
3.000010108947753906e+01
3.100009727478027344e+01
3.200020980834960938e+01
3.299990844726562500e+01
3.400000000000000000e+01
3.499994659423828125e+01
3.600011062622070312e+01
3.699981307983398438e+01
3.799988937377929688e+01
3.899997329711914062e+01
3.999920654296875000e+01
4.100001525878906250e+01
4.199995422363281250e+01
4.299963760375976562e+01
4.400006484985351562e+01
4.500011062622070312e+01
4.599995040893554688e+01
4.700002288818359375e+01
4.799995803833007812e+01
4.899978256225585938e+01
5.000004959106445312e+01
5.100019454956054688e+01
5.199983596801757812e+01
5.299995803833007812e+01
5.399999618530273438e+01
5.499986648559570312e+01
5.600009536743164062e+01
5.699987411499023438e+01
5.799986648559570312e+01
5.899972915649414062e+01
5.999995040893554688e+01
6.099987792968750000e+01
6.199981307983398438e+01
6.300007247924804688e+01
6.399979782104492188e+01
6.500002288818359375e+01
6.599988555908203125e+01
6.699987030029296875e+01
6.799971771240234375e+01
6.899990844726562500e+01
6.999996948242187500e+01
7.099985504150390625e+01
7.199985504150390625e+01
7.300003814697265625e+01
7.399993896484375000e+01
7.500018310546875000e+01
7.599977874755859375e+01
7.699972534179687500e+01
7.799988555908203125e+01
7.900005340576171875e+01
7.999971008300781250e+01
8.099987792968750000e+01
8.200031280517578125e+01
8.299978637695312500e+01
8.399987792968750000e+01
8.499990081787109375e+01
8.599990081787109375e+01
8.700016021728515625e+01
8.800024414062500000e+01
8.899996948242187500e+01
8.999947357177734375e+01
